900 0
586 471
64666 1635
857 64627
64336 64897
760 65520
334 731
163 65216
64599 64915
65282 430
1386 602
65231 65201
64822 65249
65265 191
869 64844
280 574
64520 360
900 0
64510 65147
278 64949
854 674
65265 65340
64808 280
65225 327
1377 64929
65281 65103
64590 615
158 314
328 64801
759 11
64327 633
854 904
64662 63898
586 65064
65372 437
64857 975
1596 166
64748 65219
176 64604
64873 480
65400 65094
627 806
42 546
65043 64613
860 65038
192 867
64150 64758
563 1238
65352 64927
0 300
65270 64625
1954 15
64650 65423
64792 1380
64930 197
290 64397
705 65423
339 65373
64918 64968
407 1731
163 253
64589 64132
293 633
65037 64942
493 139
1013 328
65137 158
65032 65308
65430 64830
65135 1095
467 462
49 64207
436 368
83 64935
64757 785
200 294
65231 65498
586 64824
65498 572
65487 109
65065 64785
700 0
65067 750
65488 65428
65499 64963
586 709
65231 35
202 65240
64758 64748
84 600
441 65167
49 1327
467 65072
65134 64438
65430 704
65033 225
65137 65375
1013 65207
497 65398
65038 590
297 64899
64589 1402
163 65281
409 63801
64921 563
340 161
707 111
290 1136
64931 65335
64793 64154
64652 111
1954 65519
65273 910
0 65236
65349 608
565 64298
64153 777
193 64667
863 492
65047 920
44 64988
628 64728
65403 437
64878 65053
178 928
64750 315
1602 65366
64861 64557
0 0
0 0
0 0
0 0
0 0
0 0
0 0
0 0
0 0
0 0
0 0
0 0
0 0
0 0
0 0
0 0
0 0
0 0
0 0
0 0
0 0
0 0
0 0
0 0
0 0
0 0
0 0
0 0
0 0
0 0
0 0
0 0
0 0
0 0
0 0
0 0
0 0
0 0
0 0
0 0
0 0
0 0
0 0
0 0
0 0
0 0
0 0
0 0
0 0
0 0
0 0
0 0
0 0
0 0
0 0
0 0
0 0
0 0
0 0
0 0
0 0
0 0
0 0
0 0
0 0
0 0
0 0
0 0
0 0
0 0
0 0
0 0
0 0
0 0
0 0
0 0
0 0
0 0
0 0
0 0
0 0
0 0
0 0
0 0
0 0
0 0
0 0
0 0
0 0
0 0
0 0
0 0
0 0
0 0
0 0
0 0
0 0
0 0
0 0
0 0
0 0
0 0
0 0
0 0
0 0
0 0
0 0
0 0
0 0
0 0
0 0
0 0
0 0
0 0
0 0
0 0
0 0
0 0
0 0
0 0
0 0
0 0
0 0
0 0
0 0
0 0
0 0
0 0
65236 0
644 64780
667 497
65162 65083
65430 65398
65210 89
753 342
64626 448
808 65108
64525 64703
1433 132
64999 649
65313 65517
65029 82
244 226
942 64921
65015 65227
65236 0
65010 283
939 604
230 65293
65028 65449
65302 14
64993 64879
1425 65400
64525 830
800 422
64621 65084
744 65188
65208 65443
65423 138
65160 449
664 65040
644 755
64072 64495
57 120
1465 779
64486 65452
65384 64972
344 65352
201 880
64814 65248
697 64898
65449 92
64727 898
1151 36
65413 64640
64589 65287
1139 310
64536 900
65039 65447
1443 65187
45 64141
61 602
64814 1308
64599 231
889 64600
65286 65479
1044 64488
65386 805
65176 442
65179 486
65459 289
57 63623
64924 995
1355 65491
228 65358
64911 65152
65247 1261
65323 64876
144 359
171 64867
65173 537
1178 64998
64892 64955
150 680
64772 1155
65162 64879
1403 65395
65305 64849
65250 336
65436 0
65249 65198
65306 687
1405 140
65163 656
64775 64379
152 64856
64892 580
1178 537
65175 64995
173 667
145 65171
65325 658
65248 64271
64911 382
227 175
1355 44
64921 64535
58 1913
65462 65242
65181 65047
65179 65092
65387 64730
1042 1043
65287 55
890 932
64598 65303
64812 64225
62 64931
48 1391
1444 348
65036 87
64536 64636
1138 65228
64592 250
65416 894
1152 65498
64729 64640
65452 65442
702 634
64815 286
203 64657
349 180
65389 564
64488 81
1470 64751
60 65413
0 0
0 0
0 0
0 0
0 0
0 0
0 0
0 0
0 0
0 0
0 0
0 0
0 0
0 0
0 0
0 0
0 0
0 0
0 0
0 0
0 0
0 0
0 0
0 0
0 0
0 0
0 0
0 0
0 0
0 0
0 0
0 0
0 0
0 0
0 0
0 0
0 0
0 0
0 0
0 0
0 0
0 0
0 0
0 0
0 0
0 0
0 0
0 0
0 0
0 0
0 0
0 0
0 0
0 0
0 0
0 0
0 0
0 0
0 0
0 0
0 0
0 0
0 0
0 0
0 0
0 0
0 0
0 0
0 0
0 0
0 0
0 0
0 0
0 0
0 0
0 0
0 0
0 0
0 0
0 0
0 0
0 0
0 0
0 0
0 0
0 0
0 0
0 0
0 0
0 0
0 0
0 0
0 0
0 0
0 0
0 0
0 0
0 0
0 0
0 0
0 0
0 0
0 0
0 0
0 0
0 0
0 0
0 0
0 0
0 0
0 0
0 0
0 0
0 0
0 0
0 0
0 0
0 0
0 0
0 0
0 0
0 0
0 0
0 0
0 0
0 0
0 0
0 0
